 -4. -0.609211056
 -3.985 -0.610726873
 -3.97 -0.612260514
 -3.955 -0.613812131
 -3.94 -0.615381937
 -3.925 -0.616969992
 -3.91 -0.618576528
 -3.895 -0.620201553
 -3.88 -0.621845242
 -3.865 -0.623507693
 -3.85 -0.625188986
 -3.835 -0.626889158
 -3.82 -0.628608323
 -3.805 -0.630346483
 -3.79 -0.632103687
 -3.775 -0.633879969
 -3.76 -0.635675355
 -3.745 -0.637489761
 -3.73 -0.639323232
 -3.715 -0.641175749
 -3.7 -0.643047341
 -3.685 -0.644937866
 -3.67 -0.646847466
 -3.655 -0.648776071
 -3.64 -0.650723713
 -3.625 -0.65269049
 -3.61 -0.654676453
 -3.595 -0.656681785
 -3.58 -0.658706581
 -3.565 -0.660751151
 -3.55 -0.662815758
 -3.535 -0.664900799
 -3.52 -0.667006633
 -3.505 -0.669133857
 -3.49 -0.671283161
 -3.475 -0.673455137
 -3.46 -0.675650647
 -3.445 -0.677870539
 -3.43 -0.680115821
 -3.415 -0.682387688
 -3.4 -0.684687233
 -3.385 -0.68701572
 -3.37 -0.68937449
 -3.355 -0.691765148
 -3.34 -0.694189006
 -3.325 -0.696647639
 -3.31 -0.699142776
 -3.295 -0.701675971
 -3.28 -0.704248901
 -3.265 -0.70686321
 -3.25 -0.709520553
 -3.235 -0.712222566
 -3.22 -0.714970615
 -3.205 -0.717766422
 -3.19 -0.720611141
 -3.175 -0.723506041
 -3.16 -0.726452466
 -3.145 -0.729451142
 -3.13 -0.732502993
 -3.115 -0.735608609
 -3.1 -0.738768348
 -3.085 -0.741982459
 -3.07 -0.745250954
 -3.055 -0.74857365
 -3.04 -0.751950064
 -3.025 -0.755379583
 -3.01 -0.758861533
 -2.995 -0.762394898
 -2.98 -0.76597858
 -2.965 -0.769611329
 -2.95 -0.773291871
 -2.935 -0.777018738
 -2.92 -0.780790472
 -2.905 -0.78460554
 -2.89 -0.788462277
 -2.875 -0.792359072
 -2.86 -0.796294087
 -2.845 -0.800265484
 -2.83 -0.804271403
 -2.815 -0.808309547
 -2.8 -0.812377576
 -2.785 -0.816472746
 -2.77 -0.820591895
 -2.755 -0.824731495
 -2.74 -0.828887176
 -2.725 -0.833054181
 -2.71 -0.837226863
 -2.695 -0.841398604
 -2.68 -0.845562163
 -2.665 -0.84970902
 -2.65 -0.853830074
 -2.635 -0.857915101
 -2.62 -0.861953289
 -2.605 -0.86593333
 -2.59 -0.8698435
 -2.575 -0.873672063
 -2.56 -0.877407869
 -2.545 -0.881040497
 -2.53 -0.884560747
 -2.515 -0.887961085
 -2.5 -0.891236026
 -2.485 -0.894382456
 -2.47 -0.897399899
 -2.455 -0.900290448
 -2.44 -0.903059121
 -2.425 -0.905713485
 -2.41 -0.908263629
 -2.395 -0.910722035
 -2.38 -0.913102748
 -2.365 -0.915421726
 -2.35 -0.917696019
 -2.335 -0.919943486
 -2.32 -0.922182489
 -2.305 -0.924431241
 -2.29 -0.926708023
 -2.275 -0.92903013
 -2.26 -0.931414022
 -2.245 -0.933874673
 -2.23 -0.936425385
 -2.215 -0.939077585
 -2.2 -0.941840416
 -2.185 -0.944720428
 -2.17 -0.947721499
 -2.155 -0.950844457
 -2.14 -0.95408652
 -2.125 -0.957441301
 -2.11 -0.960897981
 -2.095 -0.96444092
 -2.08 -0.968049091
 -2.065 -0.971695531
 -2.05 -0.975346698
 -2.035 -0.978962234
 -2.02 -0.982494551
 -2.005 -0.985888568
 -1.99 -0.989082237
 -1.975 -0.992006644
 -1.96 -0.994587526
 -1.945 -0.996746472
 -1.93 -0.998402865
 -1.915 -0.999475914
 -1.9 -0.999887292
 -1.885 -0.999563657
 -1.87 -0.998438987
 -1.855 -0.996457517
 -1.84 -0.993576292
 -1.825 -0.989767714
 -1.81 -0.985021745
 -1.795 -0.979348285
 -1.78 -0.972777846
 -1.765 -0.965362453
 -1.75 -0.957174552
 -1.735 -0.948305191
 -1.72 -0.938859973
 -1.705 -0.928954772
 -1.69 -0.918710102
 -1.675 -0.908248367
 -1.66 -0.897691261
 -1.645 -0.88716164
 -1.63 -0.876785889
 -1.615 -0.866696777
 -1.6 -0.857035281
 -1.585 -0.847951367
 -1.57 -0.839602857
 -1.555 -0.832153813
 -1.54 -0.825772013
 -1.525 -0.820625075
 -1.51 -0.816875364
 -1.495 -0.814673397
 -1.48 -0.814149732
 -1.465 -0.815407557
 -1.45 -0.818516921
 -1.435 -0.823514599
 -1.42 -0.830410424
 -1.405 -0.839196392
 -1.39 -0.849857382
 -1.375 -0.862378171
 -1.36 -0.876746592
 -1.345 -0.892953787
 -1.33 -0.910991593
 -1.315 -0.930847892
 -1.3 -0.95249922
 -1.285 -0.975900567
 -1.27 -1.00097125
 -1.255 -1.02757794
 -1.24 -1.05552218
 -1.225 -1.08454296
 -1.21 -1.11435055
 -1.195 -1.14469456
 -1.18 -1.17543811
 -1.165 -1.20659295
 -1.15 -1.23829434
 -1.135 -1.27074009
 -1.12 -1.30414161
 -1.105 -1.33870467
 -1.09 -1.37463468
 -1.075 -1.41215035
 -1.06 -1.45149439
 -1.045 -1.49293686
 -1.03 -1.53676416
 -1.015 -1.58324611
 -1. -1.63256843
 -0.99 -1.66704174
 -0.98 -1.70272638
 -0.97 -1.73951191
 -0.96 -1.77725143
 -0.95 -1.81578787
 -0.94 -1.85497987
 -0.93 -1.89471542
 -0.92 -1.93490748
 -0.91 -1.97547347
 -0.9 -2.01630832
 -0.89 -2.05725319
 -0.88 -2.09806265
 -0.87 -2.13836734
 -0.86 -2.1776242
 -0.85 -2.21504867
 -0.84 -2.24951697
 -0.83 -2.27942611
 -0.82 -2.30249391
 -0.81 -2.31548517
 -0.8 -2.3138548
 -0.79 -2.29135313
 -0.78 -2.23975066
 -0.77 -2.14912517
 -0.76 -2.00956032
 -0.75 -1.81533422
 -0.74 -1.57143659
 -0.73 -1.29842692
 -0.72 -1.02849124
 -0.71 -0.79142697
 -0.7 -0.601413913
 -0.69 -0.455433652
 -0.68 -0.341110435
 -0.67 -0.245101613
 -0.66 -0.157337226
 -0.65 -0.0716086534
 -0.64  0.0154368208
 -0.63  0.105472017
 -0.62  0.19932539
 -0.61  0.297450722
 -0.6  0.400155181
 -0.59  0.507689713
 -0.58  0.620268875
 -0.57  0.738044314
 -0.56  0.861032959
 -0.55  0.988976992
 -0.54  1.12108603
 -0.53  1.25556858
 -0.52  1.38883635
 -0.51  1.5143658
 -0.5  1.62184956
 -0.49  1.69884148
 -0.48  1.73724033
 -0.47  1.74021075
 -0.46  1.72004522
 -0.45  1.68945279
 -0.44  1.65645108
 -0.43  1.62452235
 -0.42  1.59452189
 -0.41  1.5662083
 -0.4  1.53903397
 -0.39  1.51244672
 -0.38  1.48596907
 -0.37  1.45919916
 -0.36  1.43179145
 -0.35  1.40343649
 -0.34  1.37384373
 -0.33  1.34272679
 -0.32  1.30979101
 -0.31  1.27472097
 -0.3  1.23716808
 -0.29  1.19673789
 -0.28  1.15298079
 -0.27  1.10540491
 -0.26  1.0535811
 -0.25  0.997585543
 -0.24  0.939088583
 -0.23  0.881484334
 -0.22  0.827112935
 -0.21  0.776262507
 -0.2  0.728416483
 -0.19  0.682994063
 -0.18  0.639535467
 -0.17  0.597701428
 -0.16  0.557238174
 -0.15  0.517949203
 -0.14  0.479676846
 -0.13  0.442290647
 -0.12  0.405680078
 -0.11  0.369749732
 -0.1  0.33441567
 -0.09  0.299602785
 -0.08  0.26524343
 -0.07  0.231275611
 -0.06  0.197641793
 -0.05  0.16428831
 -0.04  0.131164027
 -0.03  0.0982208876
 -0.02  0.0654118434
 -0.01  0.0326916955
  0.  1.56836392E-005
  0.0005 -0.00161765834
  0.0105 -0.0342948694
  0.0205 -0.067018314
  0.0305 -0.0998329414
  0.0405 -0.132784124
  0.0505 -0.165918444
  0.0605 -0.199284858
  0.0705 -0.232934005
  0.0805 -0.26691999
  0.0905 -0.301300451
  0.1005 -0.336137594
  0.1105 -0.371499645
  0.1205 -0.407461876
  0.1305 -0.444108835
  0.1405 -0.481536382
  0.1505 -0.519856415
  0.1605 -0.559199809
  0.1705 -0.599726359
  0.1805 -0.641634882
  0.1905 -0.685182651
  0.2005 -0.730713911
  0.2105 -0.778695308
  0.2205 -0.829711392
  0.2305 -0.884263253
  0.2405 -0.941987421
  0.2505 -1.00043413
  0.2605 -1.05624271
  0.2705 -1.10784913
  0.2805 -1.15522321
  0.2905 -1.19880318
  0.3005 -1.23907956
  0.3105 -1.27649993
  0.3205 -1.31145568
  0.3305 -1.34429364
  0.3405 -1.37532799
  0.3505 -1.40485256
  0.3605 -1.4331533
  0.3705 -1.46052191
  0.3805 -1.48726876
  0.3905 -1.51374206
  0.4005 -1.54034721
  0.4105 -1.56756514
  0.4205 -1.59595076
  0.4305 -1.62604737
  0.4405 -1.65806437
  0.4505 -1.69105888
  0.4605 -1.72136468
  0.4705 -1.74070398
  0.4805 -1.73621266
  0.4905 -1.69585471
  0.5005 -1.61707378
  0.5105 -1.50839228
  0.5205 -1.3822631
  0.5305 -1.248809
  0.5405 -1.11437923
  0.5505 -0.982447031
  0.5605 -0.854737868
  0.5705 -0.732007204
  0.5805 -0.614493452
  0.5905 -0.502171271
  0.6005 -0.394883653
  0.6105 -0.292414637
  0.6205 -0.194511005
  0.6305 -0.10086175
  0.6405 -0.0110000869
  0.6505  0.0759297759
  0.6605  0.161661735
  0.6705  0.249661625
  0.6805  0.346313029
  0.6905  0.461885244
  0.7005  0.609811478
  0.7105  0.802224412
  0.7205  1.04142785
  0.7305  1.31231206
  0.7405  1.58457917
  0.7505  1.82634756
  0.7605  2.01784212
  0.7705  2.15476531
  0.7805  2.24319169
  0.7905  2.2931138
  0.8005  2.31439329
  0.8105  2.31515977
  0.8205  2.30156907
  0.8305  2.27809128
  0.8405  2.24790681
  0.8505  2.21325725
  0.8605  2.17571746
  0.8705  2.13639174
  0.8805  2.09605072
  0.8905  2.05522674
  0.9005  2.01428233
  0.9105  1.97345771
  0.9205  1.93290812
  0.9305  1.89273722
  0.9405  1.85302618
  0.9505  1.81386404
  0.9605  1.77536371
  0.9705  1.73766819
  0.9805  1.70093431
  0.9905  1.66530787
  1.0005  1.6308971
  1.0155  1.58167084
  1.0305  1.53528073
  1.0455  1.49153737
  1.0605  1.45016951
  1.0755  1.41089052
  1.0905  1.3734315
  1.1055  1.33755018
  1.1205  1.30302898
  1.1355  1.26966272
  1.1505  1.23724494
  1.1655  1.20556491
  1.1805  1.17442505
  1.1955  1.14369422
  1.2105  1.11336499
  1.2255  1.08357901
  1.2405  1.05458949
  1.2555  1.02668578
  1.2705  1.00012734
  1.2855  0.975110378
  1.3005  0.951766151
  1.3155  0.930174024
  1.3305  0.910377965
  1.3455  0.892400939
  1.3605  0.87625481
  1.3755  0.861947784
  1.3905  0.84948871
  1.4055  0.83888981
  1.4205  0.830166463
  1.4355  0.823333777
  1.4505  0.818399259
  1.4655  0.815352381
  1.4805  0.814155136
  1.4955  0.814736438
  1.5105  0.81699212
  1.5255  0.820790889
  1.5405  0.8259815
  1.5555  0.832401568
  1.5705  0.839883183
  1.5855  0.848258756
  1.6005  0.857364276
  1.6155  0.867042347
  1.6305  0.877143196
  1.6455  0.887526063
  1.6605  0.898058549
  1.6755  0.908614248
  1.6905  0.919070788
  1.7055  0.92930594
  1.7205  0.939197701
  1.7355  0.948625491
  1.7505  0.957473702
  1.7655  0.965637081
  1.7805  0.973025321
  1.7955  0.979566469
  1.8105  0.985209438
  1.8255  0.989924049
  1.8405  0.993701418
  1.8555  0.996552045
  1.8705  0.998504066
  1.8855  0.99960105
  1.9005  0.999898954
  1.9155  0.999464126
  1.9305  0.998370388
  1.9455  0.996695878
  1.9605  0.99452146
  1.9755  0.991927867
  1.9905  0.988993214
  2.0055  0.98579176
  2.0205  0.982392095
  2.0355  0.978856128
  2.0505  0.975238665
  2.0655  0.9715869
  2.0805  0.967941116
  2.0955  0.964334755
  2.1105  0.960794255
  2.1255  0.957340674
  2.1405  0.953989429
  2.1555  0.950751181
  2.1705  0.94763236
  2.1855  0.944635229
  2.2005  0.941759155
  2.2155  0.939000061
  2.2305  0.936351307
  2.2455  0.933803775
  2.2605  0.93134583
  2.2755  0.928964159
  2.2905  0.926643774
  2.3055  0.924368197
  2.3205  0.922119942
  2.3355  0.91988101
  2.3505  0.917632927
  2.3655  0.915357346
  2.3805  0.913036429
  2.3955  0.910653285
  2.4105  0.908192131
  2.4255  0.905638588
  2.4405  0.902980554
  2.4555  0.900207798
  2.4705  0.897313058
  2.4855  0.89429132
  2.5005  0.891140564
  2.5155  0.887861354
  2.5305  0.884456931
  2.5455  0.88093272
  2.5605  0.877296427
  2.5755  0.873557292
  2.5905  0.869725659
  2.6055  0.865813085
  2.6205  0.861830849
  2.6355  0.857790841
  2.6505  0.853704451
  2.6655  0.849582399
  2.6805  0.845434735
  2.6955  0.841270828
  2.7105  0.837098815
  2.7255  0.832926161
  2.7405  0.828759395
  2.7555  0.824604109
  2.7705  0.820465174
  2.7855  0.816346657
  2.8005  0.812252337
  2.8155  0.808185229
  2.8305  0.804147976
  2.8455  0.800143257
  2.8605  0.796172893
  2.8755  0.792239005
  2.8905  0.788343571
  2.9055  0.784488133
  2.9205  0.780674495
  2.9355  0.776904248
  2.9505  0.773178756
  2.9655  0.769499775
  2.9805  0.76586857
  2.9955  0.762286522
  3.0105  0.758754882
  3.0255  0.755274654
  3.0405  0.751846759
  3.0555  0.748472099
  3.0705  0.745151217
  3.0855  0.741884507
  3.1005  0.738672056
  3.1155  0.735514199
  3.1305  0.732410361
  3.1455  0.729360255
  3.1605  0.726363268
  3.1755  0.723418617
  3.1905  0.720525271
  3.2055  0.717682138
  3.2205  0.71488796
  3.2355  0.712141406
  3.2505  0.709440919
  3.2655  0.706785015
  3.2805  0.70417213
  3.2955  0.701600493
  3.3105  0.699068579
  3.3255  0.696574656
  3.3405  0.694117054
  3.3555  0.691694292
  3.3705  0.689304757
  3.3855  0.686946955
  3.4005  0.684619498
  3.4155  0.682320827
  3.4305  0.680049819
  3.4455  0.677805418
  3.4605  0.675586239
  3.4755  0.673391481
  3.4905  0.671220375
  3.5055  0.669071725
  3.5205  0.666945208
  3.5355  0.66484
  3.5505  0.662755674
  3.5655  0.660691658
  3.5805  0.658647765
  3.5955  0.656623561
  3.6105  0.654618913
  3.6255  0.652633597
  3.6405  0.650667433
  3.6555  0.648720348
  3.6705  0.646792303
  3.6855  0.644883384
  3.7005  0.642993398
  3.7155  0.641122405
  3.7305  0.63927049
  3.7455  0.63743766
  3.7605  0.635623847
  3.7755  0.633829065
  3.7905  0.632053426
  3.8055  0.630296822
  3.8205  0.628559246
  3.8355  0.626840659
  3.8505  0.625141115
  3.8655  0.623460477
  3.8805  0.621798619
  3.8955  0.620155521
  3.9105  0.618531079
  3.9255  0.616925181
  3.9405  0.615337695
  3.9555  0.61376843
  3.9705  0.612217464
  3.9855  0.61068432
     
