 -4.,  0.0523681308
 -3.985,  0.0524827363
 -3.97,  0.0526093895
 -3.955,  0.0527484233
 -3.94,  0.0528999918
 -3.925,  0.0530643943
 -3.91,  0.0532419038
 -3.895,  0.0534327331
 -3.88,  0.0536372361
 -3.865,  0.0538556256
 -3.85,  0.0540881938
 -3.835,  0.0543352108
 -3.82,  0.0545969618
 -3.805,  0.0548736823
 -3.79,  0.0551656495
 -3.775,  0.0554731103
 -3.76,  0.0557962761
 -3.745,  0.056135382
 -3.73,  0.0564905611
 -3.715,  0.0568619899
 -3.7,  0.057249851
 -3.685,  0.0576541713
 -3.67,  0.0580750957
 -3.655,  0.0585125699
 -3.64,  0.0589666275
 -3.625,  0.0594372528
 -3.61,  0.0599243343
 -3.595,  0.060427793
 -3.58,  0.0609474763
 -3.565,  0.0614832007
 -3.55,  0.0620347682
 -3.535,  0.0626020431
 -3.52,  0.0631846703
 -3.505,  0.0637825154
 -3.49,  0.0643953759
 -3.475,  0.0650230081
 -3.46,  0.065665273
 -3.445,  0.066322082
 -3.43,  0.0669932331
 -3.415,  0.0676788917
 -3.4,  0.0683789831
 -3.385,  0.0690938376
 -3.37,  0.0698235513
 -3.355,  0.0705686089
 -3.34,  0.0713295345
 -3.325,  0.0721069597
 -3.31,  0.0729016554
 -3.295,  0.0737147463
 -3.28,  0.0745472111
 -3.265,  0.0754003743
 -3.25,  0.0762759305
 -3.235,  0.0771753618
 -3.22,  0.078100606
 -3.205,  0.0790537796
 -3.19,  0.0800370697
 -3.175,  0.0810528544
 -3.16,  0.0821037917
 -3.145,  0.0831925712
 -3.13,  0.0843220535
 -3.115,  0.085495226
 -3.1,  0.0867151389
 -3.085,  0.0879849741
 -3.07,  0.0893079636
 -3.055,  0.0906872844
 -3.04,  0.0921261638
 -3.025,  0.0936278976
 -3.01,  0.0951956476
 -2.995,  0.096832514
 -2.98,  0.0985416915
 -2.965,  0.100326162
 -2.95,  0.102188878
 -2.935,  0.104132858
 -2.92,  0.10616102
 -2.905,  0.108276193
 -2.89,  0.110481369
 -2.875,  0.112779456
 -2.86,  0.115173561
 -2.845,  0.11766679
 -2.83,  0.120262537
 -2.815,  0.122964205
 -2.8,  0.125775534
 -2.785,  0.12870029
 -2.77,  0.131742621
 -2.755,  0.13490661
 -2.74,  0.138196641
 -2.725,  0.141617058
 -2.71,  0.145171954
 -2.695,  0.148865508
 -2.68,  0.152701304
 -2.665,  0.156682451
 -2.65,  0.160811129
 -2.635,  0.165088594
 -2.62,  0.169514832
 -2.605,  0.17408824
 -2.59,  0.178805533
 -2.575,  0.183661528
 -2.56,  0.188649047
 -2.545,  0.193758924
 -2.53,  0.198980095
 -2.515,  0.204299857
 -2.5,  0.2097039
 -2.485,  0.215176996
 -2.47,  0.220703191
 -2.455,  0.226266644
 -2.44,  0.23185159
 -2.425,  0.237443376
 -2.41,  0.243028568
 -2.395,  0.248595527
 -2.38,  0.254134731
 -2.365,  0.259639018
 -2.35,  0.265103717
 -2.335,  0.270527101
 -2.32,  0.275910042
 -2.305,  0.281256346
 -2.29,  0.286572845
 -2.275,  0.291869009
 -2.26,  0.2971573
 -2.245,  0.302452775
 -2.23,  0.307773025
 -2.215,  0.31313813
 -2.2,  0.318570425
 -2.185,  0.324094219
 -2.17,  0.329735925
 -2.155,  0.335523772
 -2.14,  0.341487589
 -2.125,  0.347658838
 -2.11,  0.354070137
 -2.095,  0.360754995
 -2.08,  0.36774737
 -2.065,  0.37508102
 -2.05,  0.382788413
 -2.035,  0.390900101
 -2.02,  0.399443104
 -2.005,  0.408439709
 -1.99,  0.41790576
 -1.975,  0.427848731
 -1.96,  0.438266288
 -1.945,  0.449144452
 -1.93,  0.460456548
 -1.915,  0.472161677
 -1.9,  0.484205089
 -1.885,  0.496517126
 -1.87,  0.50901413
 -1.855,  0.521599035
 -1.84,  0.534162655
 -1.825,  0.546585247
 -1.81,  0.55873939
 -1.795,  0.570492795
 -1.78,  0.581712088
 -1.765,  0.592266856
 -1.75,  0.602034312
 -1.735,  0.610903534
 -1.72,  0.618778639
 -1.705,  0.625581041
 -1.69,  0.631248627
 -1.675,  0.635733637
 -1.66,  0.638998286
 -1.645,  0.641012328
 -1.63,  0.641750798
 -1.615,  0.641195639
 -1.6,  0.639337498
 -1.585,  0.636179272
 -1.57,  0.631739364
 -1.555,  0.626055162
 -1.54,  0.619185586
 -1.525,  0.611214319
 -1.51,  0.602251621
 -1.495,  0.592435187
 -1.48,  0.581928648
 -1.465,  0.570915954
 -1.45,  0.55959175
 -1.435,  0.548149982
 -1.42,  0.536773117
 -1.405,  0.525627686
 -1.39,  0.514863587
 -1.375,  0.504619974
 -1.36,  0.495031418
 -1.345,  0.486234977
 -1.33,  0.478375824
 -1.315,  0.471612127
 -1.3,  0.466119098
 -1.285,  0.462090263
 -1.27,  0.459734451
 -1.255,  0.459263463
 -1.24,  0.460865592
 -1.225,  0.464664849
 -1.21,  0.470677382
 -1.195,  0.478793425
 -1.18,  0.488811491
 -1.165,  0.500517627
 -1.15,  0.513763884
 -1.135,  0.528502622
 -1.12,  0.544776513
 -1.105,  0.562691402
 -1.09,  0.582399697
 -1.075,  0.604099402
 -1.06,  0.628048184
 -1.045,  0.654589339
 -1.03,  0.684187833
 -1.015,  0.717469636
 -1.,  0.755249507
 -0.99,  0.783416654
 -0.98,  0.814334761
 -0.97,  0.848314078
 -0.96,  0.885641976
 -0.95,  0.926577364
 -0.94,  0.971365644
 -0.93,  1.02026807
 -0.92,  1.07359664
 -0.91,  1.13174253
 -0.9,  1.19519741
 -0.89,  1.26456655
 -0.88,  1.3405799
 -0.87,  1.42410528
 -0.86,  1.51616181
 -0.85,  1.61793581
 -0.84,  1.73079044
 -0.83,  1.85625816
 -0.82,  1.99599596
 -0.81,  2.15165418
 -0.8,  2.32458421
 -0.79,  2.51524839
 -0.78,  2.72213415
 -0.77,  2.93999794
 -0.76,  3.15759009
 -0.75,  3.35607211
 -0.74,  3.51102388
 -0.73,  3.60092521
 -0.72,  3.61935501
 -0.71,  3.58039222
 -0.7,  3.51052175
 -0.69,  3.43463251
 -0.68,  3.36773897
 -0.67,  3.31496994
 -0.66,  3.27544285
 -0.65,  3.24594642
 -0.64,  3.22303846
 -0.63,  3.20382231
 -0.62,  3.18603076
 -0.61,  3.16786696
 -0.6,  3.1478049
 -0.59,  3.1244211
 -0.58,  3.09625179
 -0.57,  3.06166829
 -0.56,  3.01875116
 -0.55,  2.96515321
 -0.54,  2.89796106
 -0.53,  2.81360629
 -0.52,  2.70801453
 -0.51,  2.57746137
 -0.5,  2.42095342
 -0.49,  2.24423979
 -0.48,  2.06180776
 -0.47,  1.89094742
 -0.46,  1.74189504
 -0.45,  1.61528748
 -0.44,  1.50663102
 -0.43,  1.41072761
 -0.42,  1.32354281
 -0.41,  1.24239776
 -0.4,  1.16560882
 -0.39,  1.09211414
 -0.38,  1.02122085
 -0.37,  0.952457715
 -0.36,  0.885493704
 -0.35,  0.820093491
 -0.34,  0.756093623
 -0.33,  0.693390389
 -0.32,  0.631937458
 -0.31,  0.571750003
 -0.3,  0.512919506
 -0.29,  0.455643083
 -0.28,  0.400279483
 -0.27,  0.347457516
 -0.26,  0.298276648
 -0.25,  0.254564577
 -0.24,  0.21850344
 -0.23,  0.190482585
 -0.22,  0.168396835
 -0.21,  0.150023023
 -0.2,  0.134029685
 -0.19,  0.119727147
 -0.18,  0.106754306
 -0.17,  0.0949018718
 -0.16,  0.0840325972
 -0.15,  0.0740477926
 -0.14,  0.0648713978
 -0.13,  0.0564426267
 -0.12,  0.0487117101
 -0.11,  0.0416370477
 -0.1,  0.0351835253
 -0.09,  0.0293210657
 -0.08,  0.0240243162
 -0.07,  0.0192714869
 -0.06,  0.0150437876
 -0.05,  0.011325679
 -0.04,  0.0081039221
 -0.03,  0.00536756212
 -0.02,  0.00310793141
 -0.01,  0.00131802302
  0., -7.20877634E-006
  0.0005, -6.27184609E-005
  0.0105, -0.0014107533
  0.0205, -0.00322370118
  0.0305, -0.00550690376
  0.0405, -0.00826715306
  0.0505, -0.0115132783
  0.0605, -0.0152563316
  0.0705, -0.0195094939
  0.0805, -0.0242889774
  0.0905, -0.0296132999
  0.1005, -0.035504607
  0.1105, -0.0419881418
  0.1205, -0.0490945675
  0.1305, -0.0568590784
  0.1405, -0.0653236964
  0.1505, -0.0745389142
  0.1605, -0.0845656856
  0.1705, -0.0954813432
  0.1805, -0.107385894
  0.1905, -0.120419164
  0.2005, -0.134795542
  0.2105, -0.150887307
  0.2205, -0.169407591
  0.2305, -0.191729688
  0.2405, -0.220113456
  0.2505, -0.256590781
  0.2605, -0.300630004
  0.2705, -0.350028903
  0.2805, -0.40299877
  0.2905, -0.458469695
  0.3005, -0.515830452
  0.3105, -0.57473209
  0.3205, -0.634984008
  0.3305, -0.696499364
  0.3405, -0.759265595
  0.3505, -0.823332548
  0.3605, -0.888806348
  0.3705, -0.955854121
  0.3805, -1.0247148
  0.3905, -1.09572533
  0.4005, -1.16936603
  0.4105, -1.24634364
  0.4205, -1.32774401
  0.4305, -1.4152911
  0.4405, -1.51172414
  0.4505, -1.62114899
  0.4605, -1.7487923
  0.4705, -1.89901716
  0.4805, -2.07078557
  0.4905, -2.25336309
  0.5005, -2.42934611
  0.5105, -2.58461979
  0.5205, -2.71386431
  0.5305, -2.81829624
  0.5405, -2.90169811
  0.5505, -2.9681316
  0.5605, -3.02113164
  0.5705, -3.06358064
  0.5805, -3.0978003
  0.5905, -3.12569364
  0.6005, -3.14887765
  0.6105, -3.16881091
  0.6205, -3.18691807
  0.6305, -3.20473497
  0.6405, -3.22407706
  0.6505, -3.24724025
  0.6605, -3.27715337
  0.6705, -3.31727445
  0.6805, -3.37076141
  0.6905, -3.43829517
  0.7005, -3.51433323
  0.7105, -3.58331188
  0.7205, -3.61998938
  0.7305, -3.59816157
  0.7405, -3.50468638
  0.7505, -3.34697312
  0.7605, -3.1469791
  0.7705, -2.92899021
  0.7805, -2.71146688
  0.7905, -2.50530786
  0.8005, -2.31551681
  0.8105, -2.14347196
  0.8205, -1.98864636
  0.8305, -1.84966201
  0.8405, -1.72486368
  0.8505, -1.6125982
  0.8605, -1.51134081
  0.8705, -1.41973756
  0.8805, -1.33661071
  0.8905, -1.26094888
  0.9005, -1.19189161
  0.9105, -1.12871568
  0.9205, -1.07082148
  0.9305, -1.01772287
  0.9405, -0.969032801
  0.9505, -0.924443222
  0.9605, -0.88369397
  0.9705, -0.846539823
  0.9805, -0.812720637
  0.9905, -0.781947742
  1.0005, -0.753909584
  1.0155, -0.716294853
  1.0305, -0.68314778
  1.0455, -0.653660157
  1.0605, -0.627212112
  1.0755, -0.603343277
  1.0905, -0.581713813
  1.1055, -0.562068189
  1.1205, -0.544210088
  1.1355, -0.527988881
  1.1505, -0.513300047
  1.1655, -0.50010384
  1.1805, -0.488451041
  1.1955, -0.478492655
  1.2105, -0.470443789
  1.2255, -0.464503876
  1.2405, -0.460778873
  1.2555, -0.459248355
  1.2705, -0.459785405
  1.2855, -0.462200364
  1.3005, -0.466281251
  1.3155, -0.471819599
  1.3305, -0.478622605
  1.3455, -0.486515493
  1.3605, -0.4953405
  1.3755, -0.504952969
  1.3905, -0.515216214
  1.4055, -0.525995244
  1.4205, -0.537150819
  1.4355, -0.548532634
  1.4505, -0.559973547
  1.4655, -0.57129041
  1.4805, -0.582289442
  1.4955, -0.592775859
  1.5105, -0.602566188
  1.5255, -0.61149806
  1.5405, -0.619434089
  1.5555, -0.626265377
  1.5705, -0.631908909
  1.5855, -0.63630658
  1.6005, -0.639421656
  1.6155, -0.641236366
  1.6305, -0.641748195
  1.6455, -0.640966738
  1.6605, -0.638910684
  1.6755, -0.635604751
  1.6905, -0.631079785
  1.7055, -0.625373448
  1.7205, -0.618534205
  1.7355, -0.61062456
  1.7505, -0.601723795
  1.7655, -0.59192821
  1.7805, -0.581349168
  1.7955, -0.570110066
  1.8105, -0.558341139
  1.8255, -0.546175968
  1.8405, -0.533746561
  1.8555, -0.521180459
  1.8705, -0.508596701
  1.8855, -0.496104453
  1.9005, -0.483800016
  1.9155, -0.47176687
  1.9305, -0.460073991
  1.9455, -0.448775774
  1.9605, -0.437912618
  1.9755, -0.427510776
  1.9905, -0.417583724
  2.0055, -0.408133496
  2.0205, -0.399152217
  2.0355, -0.390624013
  2.0505, -0.382526333
  2.0655, -0.374831835
  2.0805, -0.367510169
  2.0955, -0.360528557
  2.1105, -0.35385336
  2.1255, -0.3474506
  2.1405, -0.341286789
  2.1555, -0.335329317
  2.1705, -0.329546846
  2.1855, -0.323909496
  2.2005, -0.318389228
  2.2155, -0.312959572
  2.2305, -0.307596304
  2.2455, -0.302277233
  2.2605, -0.296982228
  2.2755, -0.291693881
  2.2905, -0.286397204
  2.3055, -0.281079922
  2.3205, -0.275732471
  2.3355, -0.270348213
  2.3505, -0.264923499
  2.3655, -0.259457436
  2.3805, -0.25395188
  2.3955, -0.248411593
  2.4105, -0.242843957
  2.4255, -0.237258281
  2.4405, -0.231666564
  2.4555, -0.226082044
  2.4705, -0.220519634
  2.4855, -0.214994902
  2.5005, -0.209523832
  2.5155, -0.204122364
  2.5305, -0.198805665
  2.5455, -0.193588021
  2.5605, -0.188482057
  2.5755, -0.183498775
  2.5905, -0.178647351
  2.6055, -0.173934814
  2.6205, -0.169366193
  2.6355, -0.164945032
  2.6505, -0.160672461
  2.6655, -0.156548818
  2.6805, -0.152572549
  2.6955, -0.148741501
  2.7105, -0.145052605
  2.7255, -0.141502272
  2.7405, -0.138086336
  2.7555, -0.134800615
  2.7705, -0.131640681
  2.7855, -0.128602389
  2.8005, -0.125681469
  2.8155, -0.122873858
  2.8305, -0.120175784
  2.8455, -0.117583538
  2.8605, -0.115093663
  2.8755, -0.112702846
  2.8905, -0.110407855
  2.9055, -0.108205769
  2.9205, -0.106093561
  2.9355, -0.104068311
  2.9505, -0.102127111
  2.9655, -0.100266953
  2.9805, -0.0984850485
  2.9955, -0.0967783763
  3.0105, -0.0951438214
  3.0255, -0.0935784001
  3.0405, -0.0920788606
  3.0555, -0.0906419616
  3.0705, -0.0892646172
  3.0855, -0.0879434929
  3.1005, -0.0866754047
  3.1155, -0.085457057
  3.1305, -0.0842853798
  3.1455, -0.08315734
  3.1605, -0.0820698374
  3.1755, -0.0810201232
  3.1905, -0.0800055082
  3.2055, -0.079023228
  3.2205, -0.078071055
  3.2355, -0.0771466949
  3.2505, -0.0762480545
  3.2655, -0.0753733718
  3.2805, -0.074520853
  3.2955, -0.0736890899
  3.3105, -0.0728767222
  3.3255, -0.0720825703
  3.3405, -0.071305692
  3.3555, -0.0705453594
  3.3705, -0.0698008263
  3.3855, -0.0690715385
  3.4005, -0.0683572999
  3.4155, -0.0676576564
  3.4305, -0.0669725788
  3.4455, -0.0663017998
  3.4605, -0.0656455267
  3.4755, -0.065003772
  3.4905, -0.0643766149
  3.5055, -0.0637642964
  3.5205, -0.0631669842
  3.5355, -0.0625848292
  3.5505, -0.0620181354
  3.5655, -0.0614670997
  3.5805, -0.0609319212
  3.5955, -0.0604128109
  3.6105, -0.0599099122
  3.6255, -0.0594233886
  3.6405, -0.0589533127
  3.6555, -0.0584998248
  3.6705, -0.0580628986
  3.6855, -0.0576425846
  3.7005, -0.0572387826
  3.7155, -0.0568515193
  3.7305, -0.0564806455
  3.7455, -0.0561259973
  3.7605, -0.0557874741
  3.7755, -0.0554648342
  3.7905, -0.0551579298
  3.8055, -0.0548664647
  3.8205, -0.0545902788
  3.8355, -0.0543290313
  3.8505, -0.0540825226
  3.8655, -0.0538504342
  3.8805, -0.0536325467
  3.8955, -0.053428562
  3.9105, -0.0532381706
  3.9255, -0.0530611328
  3.9405, -0.0528971427
  3.9555, -0.0527460325
  3.9705, -0.0526074567
  3.9855, -0.0524811994
     
