 -4.,  0.0048740858
 -3.985,  0.00493609615
 -3.97,  0.00500037364
 -3.955,  0.00506699542
 -3.94,  0.00513606541
 -3.925,  0.0052076717
 -3.91,  0.00528191607
 -3.895,  0.00535890273
 -3.88,  0.005438734
 -3.865,  0.00552152959
 -3.85,  0.00560739834
 -3.835,  0.0056964691
 -3.82,  0.00578886334
 -3.805,  0.00588470441
 -3.79,  0.00598412979
 -3.775,  0.00608727572
 -3.76,  0.00619428271
 -3.745,  0.00630528858
 -3.73,  0.00642044298
 -3.715,  0.00653989439
 -3.7,  0.00666379071
 -3.685,  0.00679228952
 -3.67,  0.00692553615
 -3.655,  0.00706369866
 -3.64,  0.00720693184
 -3.625,  0.00735539586
 -3.61,  0.00750925397
 -3.595,  0.00766866109
 -3.58,  0.00783379434
 -3.565,  0.00800482933
 -3.55,  0.0081819277
 -3.535,  0.00836527643
 -3.52,  0.00855504968
 -3.505,  0.00875145522
 -3.49,  0.00895469106
 -3.475,  0.00916496955
 -3.46,  0.00938252543
 -3.445,  0.00960760058
 -3.43,  0.00984045857
 -3.415,  0.0100813919
 -3.4,  0.0103307098
 -3.385,  0.010588764
 -3.37,  0.0108559078
 -3.355,  0.0111325951
 -3.34,  0.0114192632
 -3.325,  0.0117164125
 -3.31,  0.0120246197
 -3.295,  0.0123444726
 -3.28,  0.0126766826
 -3.265,  0.0130219813
 -3.25,  0.0133811791
 -3.235,  0.0137552002
 -3.22,  0.014145004
 -3.205,  0.014551685
 -3.19,  0.0149764115
 -3.175,  0.0154204496
 -3.16,  0.0158851981
 -3.145,  0.0163721297
 -3.13,  0.0168828713
 -3.115,  0.0174191484
 -3.1,  0.0179828138
 -3.085,  0.0185758656
 -3.07,  0.0192004062
 -3.055,  0.0198587217
 -3.04,  0.0205532041
 -3.025,  0.0212864027
 -3.01,  0.022061043
 -2.995,  0.022880005
 -2.98,  0.023746324
 -2.965,  0.0246632412
 -2.95,  0.0256342176
 -2.935,  0.0266628835
 -2.92,  0.0277531339
 -2.905,  0.0289091522
 -2.89,  0.0301353572
 -2.875,  0.0314365536
 -2.86,  0.0328178173
 -2.845,  0.0342846693
 -2.83,  0.0358430809
 -2.815,  0.037499402
 -2.8,  0.0392605654
 -2.785,  0.0411340052
 -2.77,  0.0431277259
 -2.755,  0.0452503675
 -2.74,  0.0475110977
 -2.725,  0.0499197879
 -2.71,  0.0524868748
 -2.695,  0.0552233337
 -2.68,  0.0581406867
 -2.665,  0.0612508243
 -2.65,  0.0645660236
 -2.635,  0.0680986496
 -2.62,  0.0718611456
 -2.605,  0.0758657445
 -2.59,  0.0801243135
 -2.575,  0.084648213
 -2.56,  0.0894481064
 -2.545,  0.0945338264
 -2.53,  0.099914371
 -2.515,  0.105597784
 -2.5,  0.111591526
 -2.485,  0.117902404
 -2.47,  0.124537002
 -2.455,  0.131501853
 -2.44,  0.138804209
 -2.425,  0.146452099
 -2.41,  0.154455117
 -2.395,  0.162824746
 -2.38,  0.171574632
 -2.365,  0.180721383
 -2.35,  0.190284613
 -2.335,  0.200287092
 -2.32,  0.210755242
 -2.305,  0.221718646
 -2.29,  0.233210458
 -2.275,  0.245266533
 -2.26,  0.257925188
 -2.245,  0.271225982
 -2.23,  0.285208545
 -2.215,  0.299911168
 -2.2,  0.315368599
 -2.185,  0.331609342
 -2.17,  0.34865326
 -2.155,  0.366507873
 -2.14,  0.385164971
 -2.125,  0.404597193
 -2.11,  0.424754328
 -2.095,  0.445560446
 -2.08,  0.466912031
 -2.065,  0.48867737
 -2.05,  0.510697266
 -2.035,  0.532788838
 -2.02,  0.554749849
 -2.005,  0.576365385
 -1.99,  0.597416204
 -1.975,  0.617686761
 -1.96,  0.636975019
 -1.945,  0.655099985
 -1.93,  0.671909894
 -1.915,  0.687286272
 -1.9,  0.701149408
 -1.885,  0.713458489
 -1.87,  0.724212018
 -1.855,  0.733446018
 -1.84,  0.741230917
 -1.825,  0.747667486
 -1.81,  0.752882584
 -1.795,  0.757024051
 -1.78,  0.760255301
 -1.765,  0.762749901
 -1.75,  0.764686188
 -1.735,  0.766241985
 -1.72,  0.767589298
 -1.705,  0.768890448
 -1.69,  0.770295756
 -1.675,  0.771943288
 -1.66,  0.773961779
 -1.645,  0.776474768
 -1.63,  0.77960546
 -1.615,  0.783480754
 -1.6,  0.788233686
 -1.585,  0.794004558
 -1.57,  0.80094079
 -1.555,  0.809195545
 -1.54,  0.818924881
 -1.525,  0.830283194
 -1.51,  0.843414917
 -1.495,  0.858443988
 -1.48,  0.875459564
 -1.465,  0.894501144
 -1.45,  0.915546208
 -1.435,  0.938503524
 -1.42,  0.963212718
 -1.405,  0.989448587
 -1.39,  1.01692531
 -1.375,  1.04529802
 -1.36,  1.07416253
 -1.345,  1.1030536
 -1.33,  1.13144428
 -1.315,  1.15874575
 -1.3,  1.18431065
 -1.285,  1.20743976
 -1.27,  1.22739933
 -1.255,  1.24345592
 -1.24,  1.2549369
 -1.225,  1.26132111
 -1.21,  1.26233165
 -1.195,  1.25798037
 -1.18,  1.24851068
 -1.165,  1.23425576
 -1.15,  1.21549594
 -1.135,  1.19239654
 -1.12,  1.16502903
 -1.105,  1.13342451
 -1.09,  1.09762194
 -1.075,  1.05769862
 -1.06,  1.01379246
 -1.045,  0.966127713
 -1.03,  0.915054919
 -1.015,  0.861111615
 -1.,  0.805108077
 -0.99,  0.767185373
 -0.98,  0.729286178
 -0.97,  0.691886193
 -0.96,  0.655461474
 -0.95,  0.620433515
 -0.94,  0.587123298
 -0.93,  0.555730853
 -0.92,  0.52634217
 -0.91,  0.498954704
 -0.9,  0.473506179
 -0.89,  0.449900539
 -0.88,  0.428025955
 -0.87,  0.40776627
 -0.86,  0.389008937
 -0.85,  0.371649556
 -0.84,  0.355596009
 -0.83,  0.340772013
 -0.82,  0.32712143
 -0.81,  0.314613661
 -0.8,  0.303251108
 -0.79,  0.293078519
 -0.78,  0.284195009
 -0.77,  0.276764886
 -0.76,  0.271021022
 -0.75,  0.267244154
 -0.74,  0.265695061
 -0.73,  0.266486206
 -0.72,  0.269424684
 -0.71,  0.273925508
 -0.7,  0.279102717
 -0.69,  0.284032972
 -0.68,  0.288036773
 -0.67,  0.290803779
 -0.66,  0.292330199
 -0.65,  0.292772428
 -0.64,  0.292324603
 -0.63,  0.291155436
 -0.62,  0.289390572
 -0.61,  0.287115422
 -0.6,  0.284384582
 -0.59,  0.281230147
 -0.58,  0.277668457
 -0.57,  0.273705474
 -0.56,  0.269341661
 -0.55,  0.264578648
 -0.54,  0.259430274
 -0.53,  0.253943515
 -0.52,  0.248237979
 -0.51,  0.24257421
 -0.5,  0.237439226
 -0.49,  0.233556416
 -0.48,  0.231631115
 -0.47,  0.231873939
 -0.46,  0.233826094
 -0.45,  0.236712742
 -0.44,  0.239866053
 -0.43,  0.242886335
 -0.42,  0.245600328
 -0.41,  0.247963742
 -0.4,  0.249987178
 -0.39,  0.251696821
 -0.38,  0.253119296
 -0.37,  0.25427712
 -0.36,  0.255188858
 -0.35,  0.25587129
 -0.34,  0.256342622
 -0.33,  0.256627556
 -0.32,  0.256765541
 -0.31,  0.256825233
 -0.3,  0.256930977
 -0.29,  0.257314623
 -0.28,  0.25842058
 -0.27,  0.261128982
 -0.26,  0.267231198
 -0.25,  0.280295076
 -0.24,  0.306285629
 -0.23,  0.352301872
 -0.22,  0.426278087
 -0.21,  0.536554312
 -0.2,  0.6804338
 -0.19,  0.837475991
 -0.18,  0.988165447
 -0.17,  1.12468101
 -0.16,  1.2460494
 -0.15,  1.35349632
 -0.14,  1.44864435
 -0.13,  1.53299269
 -0.12,  1.60780307
 -0.11,  1.6741111
 -0.1,  1.73275726
 -0.09,  1.78442585
 -0.08,  1.82967357
 -0.07,  1.86895372
 -0.06,  1.90263487
 -0.05,  1.93101422
 -0.04,  1.95432951
 -0.03,  1.97276614
 -0.02,  1.98646278
 -0.01,  1.99551643
  0.,  2.
  0.0005,  1.99987008
  0.0105,  1.9951729
  0.0205,  1.98588893
  0.0305,  1.97195788
  0.0405,  1.95328099
  0.0505,  1.92971728
  0.0605,  1.90107883
  0.0705,  1.86712582
  0.0805,  1.82755661
  0.0905,  1.78199929
  0.1005,  1.72999558
  0.1105,  1.67098388
  0.1205,  1.60427231
  0.1305,  1.52901113
  0.1405,  1.44415543
  0.1505,  1.34842918
  0.1605,  1.24032523
  0.1705,  1.11822054
  0.1805,  0.980941384
  0.1905,  0.829662632
  0.2005,  0.672720891
  0.2105,  0.530135149
  0.2205,  0.421771158
  0.2305,  0.349411352
  0.2405,  0.304569701
  0.2505,  0.279392811
  0.2605,  0.266800191
  0.2705,  0.260933262
  0.2805,  0.258337133
  0.2905,  0.257283187
  0.3005,  0.256921725
  0.3105,  0.256822492
  0.3205,  0.256761213
  0.3305,  0.256617228
  0.3405,  0.256323704
  0.3505,  0.255842317
  0.3605,  0.255148855
  0.3705,  0.254225201
  0.3805,  0.25305464
  0.3905,  0.251618363
  0.4005,  0.24989365
  0.4105,  0.247853843
  0.4205,  0.24547291
  0.4305,  0.242741801
  0.4405,  0.239709303
  0.4505,  0.236557569
  0.4605,  0.23369978
  0.4705,  0.231815274
  0.4805,  0.231674702
  0.4905,  0.233708707
  0.5005,  0.237672903
  0.5105,  0.242849965
  0.5205,  0.248525187
  0.5305,  0.254224456
  0.5405,  0.259696343
  0.5505,  0.264826156
  0.5605,  0.269569374
  0.5705,  0.273913124
  0.5805,  0.277856117
  0.5905,  0.281397619
  0.6005,  0.284531385
  0.6105,  0.287240339
  0.6205,  0.289491508
  0.6305,  0.291228932
  0.6405,  0.292365375
  0.6505,  0.292773037
  0.6605,  0.292281243
  0.6705,  0.29069577
  0.6805,  0.287864848
  0.6905,  0.283804266
  0.7005,  0.278842655
  0.7105,  0.273676362
  0.7205,  0.269234247
  0.7305,  0.26639249
  0.7405,  0.265716873
  0.7505,  0.267381907
  0.7605,  0.271263922
  0.7705,  0.277098514
  0.7805,  0.284606349
  0.7905,  0.293557615
  0.8005,  0.30379154
  0.8105,  0.315212027
  0.8205,  0.327776661
  0.8305,  0.341484983
  0.8405,  0.356368888
  0.8505,  0.372485763
  0.8605,  0.389912787
  0.8705,  0.408742706
  0.8805,  0.429080332
  0.8905,  0.451038764
  0.9005,  0.474733969
  0.9105,  0.500277312
  0.9205,  0.527763781
  0.9305,  0.557253041
  0.9405,  0.588744485
  0.9505,  0.622146288
  0.9605,  0.657252733
  0.9705,  0.693736814
  0.9805,  0.731173312
  0.9905,  0.769084764
  1.0005,  0.806996843
  1.0155,  0.862948128
  1.0305,  0.916807259
  1.0455,  0.967774006
  1.0605,  1.01531803
  1.0755,  1.05909455
  1.0905,  1.09888227
  1.1055,  1.13454588
  1.1205,  1.16600972
  1.1355,  1.1932355
  1.1505,  1.21619176
  1.1655,  1.23480474
  1.1805,  1.2489053
  1.1955,  1.25820974
  1.2105,  1.26238525
  1.2255,  1.26119414
  1.2405,  1.25463393
  1.2555,  1.24299084
  1.2705,  1.2267929
  1.2855,  1.20671563
  1.3005,  1.18349368
  1.3155,  1.15786003
  1.3305,  1.13051195
  1.3455,  1.10209544
  1.3605,  1.07319711
  1.3755,  1.04434193
  1.3905,  1.01599285
  1.4055,  0.988552319
  1.4205,  0.962363106
  1.4355,  0.937708934
  1.4505,  0.914813253
  1.4655,  0.893833937
  1.4805,  0.874859799
  1.4955,  0.857911382
  1.5105,  0.842947236
  1.5255,  0.829876723
  1.5405,  0.818575168
  1.5555,  0.808897484
  1.5705,  0.800689226
  1.5855,  0.793794258
  1.6005,  0.788059603
  1.6155,  0.783338205
  1.6305,  0.779489877
  1.6455,  0.776381809
  1.6605,  0.77388729
  1.6755,  0.771883079
  1.6905,  0.770245742
  1.7055,  0.768846211
  1.7205,  0.767545964
  1.7355,  0.766194445
  1.7505,  0.764628802
  1.7655,  0.76267672
  1.7805,  0.760160468
  1.7955,  0.756901596
  1.8105,  0.75272698
  1.8255,  0.747473369
  1.8405,  0.740993793
  1.8555,  0.733162086
  1.8705,  0.723878348
  1.8855,  0.713073335
  1.9005,  0.700712178
  1.9155,  0.68679768
  1.9305,  0.671372033
  1.9455,  0.654516321
  1.9605,  0.636349809
  1.9755,  0.617025853
  1.9905,  0.596725873
  2.0055,  0.575652777
  2.0205,  0.55402216
  2.0355,  0.532053428
  2.0505,  0.50996114
  2.0655,  0.487946757
  2.0805,  0.466192806
  2.0955,  0.444857517
  2.1105,  0.424071442
  2.1255,  0.403937383
  2.1405,  0.384530305
  2.1555,  0.36589962
  2.1705,  0.348072137
  2.1855,  0.331055163
  2.2005,  0.314840922
  2.2155,  0.299409141
  2.2305,  0.284731043
  2.2455,  0.270771879
  2.2605,  0.257493125
  2.2755,  0.244855173
  2.2905,  0.232818489
  2.3055,  0.221344887
  2.3205,  0.210398462
  2.3355,  0.199946338
  2.3505,  0.189958905
  2.3655,  0.180409944
  2.3805,  0.171276648
  2.3955,  0.162539636
  2.4105,  0.154182557
  2.4255,  0.14619149
  2.4405,  0.138555272
  2.4555,  0.131264256
  2.4705,  0.124310515
  2.4855,  0.117686857
  2.5005,  0.111386656
  2.5155,  0.105403379
  2.5305,  0.0997301531
  2.5455,  0.0943596113
  2.5605,  0.089283571
  2.5755,  0.0844930305
  2.5905,  0.0799781428
  2.6055,  0.0757282372
  2.6205,  0.0717318668
  2.6355,  0.0679772836
  2.6505,  0.0644520808
  2.6655,  0.0611439632
  2.6805,  0.0580404144
  2.6955,  0.0551292765
  2.7105,  0.0523986299
  2.7255,  0.0498370188
  2.7405,  0.0474334221
  2.7555,  0.0451774477
  2.7705,  0.043059248
  2.7855,  0.0410696669
  2.8005,  0.0392000993
  2.8155,  0.0374425383
  2.8305,  0.035789582
  2.8455,  0.0342343412
  2.8605,  0.0327704232
  2.8755,  0.0313919121
  2.8905,  0.0300932982
  2.9055,  0.028869502
  2.9205,  0.0277157561
  2.9355,  0.0266276229
  2.9505,  0.0256009466
  2.9655,  0.0246318241
  2.9805,  0.0237166396
  2.9955,  0.0228519542
  3.0105,  0.0220345198
  3.0255,  0.0212613157
  3.0405,  0.0205294476
  3.0555,  0.0198362021
  3.0705,  0.019179059
  3.0855,  0.0185555968
  3.1005,  0.0179635671
  3.1155,  0.0174008394
  3.1305,  0.0168654406
  3.1455,  0.0163555278
  3.1605,  0.015869349
  3.1755,  0.0154053197
  3.1905,  0.0149619553
  3.2055,  0.0145378426
  3.2205,  0.0141317442
  3.2355,  0.0137424801
  3.2505,  0.0133689692
  3.2655,  0.0130102483
  3.2805,  0.012665401
  3.2955,  0.0123336227
  3.3105,  0.0120141627
  3.3255,  0.011706337
  3.3405,  0.0114095361
  3.3555,  0.0111232173
  3.3705,  0.0108468612
  3.3855,  0.0105800048
  3.4005,  0.0103222627
  3.4155,  0.010073228
  3.4305,  0.00983257914
  3.4455,  0.0095999751
  3.4605,  0.00937515577
  3.4755,  0.00915784916
  3.4905,  0.00894780453
  3.5055,  0.00874480097
  3.5205,  0.00854862263
  3.5355,  0.00835905679
  3.5505,  0.00817592199
  3.5655,  0.00799902893
  3.5805,  0.00782819818
  3.5955,  0.00766325718
  3.6105,  0.00750403311
  3.6255,  0.00735036159
  3.6405,  0.0072020735
  3.6555,  0.00705901477
  3.6705,  0.00692101725
  3.6855,  0.00678792875
  3.7005,  0.00665958375
  3.7155,  0.00653583875
  3.7305,  0.00641653556
  3.7455,  0.00630151991
  3.7605,  0.00619064992
  3.7755,  0.00608377384
  3.7905,  0.00598075611
  3.8055,  0.00588144933
  3.8205,  0.00578572642
  3.8355,  0.00569344585
  3.8505,  0.00560448629
  3.8655,  0.00551871792
  3.8805,  0.00543602576
  3.8955,  0.00535629144
  3.9105,  0.00527939947
  3.9255,  0.00520524533
  3.9405,  0.00513372171
  3.9555,  0.00506473825
  3.9705,  0.00499819165
  3.9855,  0.00493399275
     
