 -4.,  0.0581487347
 -3.985,  0.0586931986
 -3.97,  0.0592452929
 -3.955,  0.0598051456
 -3.94,  0.0603728995
 -3.925,  0.0609486819
 -3.91,  0.0615326401
 -3.895,  0.0621249087
 -3.88,  0.0627256345
 -3.865,  0.0633349676
 -3.85,  0.0639530565
 -3.835,  0.0645800517
 -3.82,  0.0652161129
 -3.805,  0.0658613942
 -3.79,  0.0665160586
 -3.775,  0.0671802741
 -3.76,  0.0678542076
 -3.745,  0.0685380256
 -3.73,  0.0692319057
 -3.715,  0.0699360276
 -3.7,  0.0706505688
 -3.685,  0.0713757108
 -3.67,  0.0721116455
 -3.655,  0.0728585623
 -3.64,  0.0736166564
 -3.625,  0.0743861264
 -3.61,  0.0751671718
 -3.595,  0.0759599986
 -3.58,  0.0767648153
 -3.565,  0.0775818386
 -3.55,  0.0784112795
 -3.535,  0.0792533587
 -3.52,  0.0801082978
 -3.505,  0.080976336
 -3.49,  0.081857695
 -3.475,  0.0827526177
 -3.46,  0.0836613399
 -3.445,  0.0845841077
 -3.43,  0.0855211678
 -3.415,  0.0864727758
 -3.4,  0.0874391878
 -3.385,  0.0884206632
 -3.37,  0.089417469
 -3.355,  0.0904298773
 -3.34,  0.0914581543
 -3.325,  0.0925025807
 -3.31,  0.093563444
 -3.295,  0.0946410336
 -3.28,  0.095735629
 -3.265,  0.0968475286
 -3.25,  0.0979770447
 -3.235,  0.0991244717
 -3.22,  0.100290112
 -3.205,  0.101474293
 -3.19,  0.102677319
 -3.175,  0.103899502
 -3.16,  0.105141198
 -3.145,  0.106402707
 -3.13,  0.107684379
 -3.115,  0.108986543
 -3.1,  0.110309543
 -3.085,  0.111653717
 -3.07,  0.113019423
 -3.055,  0.114407008
 -3.04,  0.115816818
 -3.025,  0.117249218
 -3.01,  0.118704574
 -2.995,  0.120183235
 -2.98,  0.121685581
 -2.965,  0.123211974
 -2.95,  0.12476278
 -2.935,  0.126338374
 -2.92,  0.127939139
 -2.905,  0.129565434
 -2.89,  0.131217646
 -2.875,  0.13289615
 -2.86,  0.134601308
 -2.845,  0.136333502
 -2.83,  0.138093126
 -2.815,  0.139880532
 -2.8,  0.141696102
 -2.785,  0.143540195
 -2.77,  0.145413201
 -2.755,  0.147315464
 -2.74,  0.14924735
 -2.725,  0.151209221
 -2.71,  0.153201416
 -2.695,  0.155224284
 -2.68,  0.157278175
 -2.665,  0.159363401
 -2.65,  0.161480296
 -2.635,  0.163629156
 -2.62,  0.165810305
 -2.605,  0.168024028
 -2.59,  0.170270604
 -2.575,  0.172550286
 -2.56,  0.174863348
 -2.545,  0.17721001
 -2.53,  0.179590508
 -2.515,  0.18200503
 -2.5,  0.18445377
 -2.485,  0.186936885
 -2.47,  0.189454524
 -2.455,  0.192006794
 -2.44,  0.194593808
 -2.425,  0.19721562
 -2.41,  0.199872279
 -2.395,  0.202563803
 -2.38,  0.205290162
 -2.365,  0.208051315
 -2.35,  0.210847188
 -2.335,  0.213677661
 -2.32,  0.216542587
 -2.305,  0.219441749
 -2.29,  0.222374948
 -2.275,  0.225341894
 -2.26,  0.22834229
 -2.245,  0.23137577
 -2.23,  0.234441908
 -2.215,  0.237540279
 -2.2,  0.240670389
 -2.185,  0.243831662
 -2.17,  0.247023515
 -2.155,  0.250245299
 -2.14,  0.253496289
 -2.125,  0.256775738
 -2.11,  0.260082823
 -2.095,  0.263416663
 -2.08,  0.266776329
 -2.065,  0.270160852
 -2.05,  0.273569141
 -2.035,  0.277000124
 -2.02,  0.280452629
 -2.005,  0.283925428
 -1.99,  0.287417263
 -1.975,  0.290926754
 -1.96,  0.294452541
 -1.945,  0.297993145
 -1.93,  0.301547116
 -1.915,  0.305112819
 -1.9,  0.308688707
 -1.885,  0.312273097
 -1.87,  0.315864288
 -1.855,  0.31946054
 -1.84,  0.323060079
 -1.825,  0.326661054
 -1.81,  0.330261625
 -1.795,  0.3338599
 -1.78,  0.337453964
 -1.765,  0.34104189
 -1.75,  0.34462172
 -1.735,  0.348191507
 -1.72,  0.351749269
 -1.705,  0.355293045
 -1.69,  0.358820866
 -1.675,  0.362330794
 -1.66,  0.365820875
 -1.645,  0.369289229
 -1.63,  0.372733948
 -1.615,  0.376153214
 -1.6,  0.379545215
 -1.585,  0.382908209
 -1.57,  0.386240496
 -1.555,  0.389540469
 -1.54,  0.392806543
 -1.525,  0.396037295
 -1.51,  0.399231293
 -1.495,  0.40238725
 -1.48,  0.405503979
 -1.465,  0.408580379
 -1.45,  0.411615473
 -1.435,  0.414608409
 -1.42,  0.417558425
 -1.405,  0.420464935
 -1.39,  0.423327447
 -1.375,  0.426145661
 -1.36,  0.428919353
 -1.345,  0.431648509
 -1.33,  0.434333269
 -1.315,  0.436973883
 -1.3,  0.439570825
 -1.285,  0.4421247
 -1.27,  0.444636282
 -1.255,  0.447106593
 -1.24,  0.44953671
 -1.225,  0.451928027
 -1.21,  0.454281986
 -1.195,  0.456600362
 -1.18,  0.458885028
 -1.165,  0.461138089
 -1.15,  0.463361883
 -1.135,  0.465558835
 -1.12,  0.46773176
 -1.105,  0.469883526
 -1.09,  0.472017306
 -1.075,  0.474136527
 -1.06,  0.476244764
 -1.045,  0.478345857
 -1.03,  0.480443973
 -1.015,  0.48254347
 -1.,  0.484648972
 -0.99,  0.486058385
 -0.98,  0.487474247
 -0.97,  0.488898059
 -0.96,  0.49033153
 -0.95,  0.491776367
 -0.94,  0.493234378
 -0.93,  0.494707444
 -0.92,  0.496197472
 -0.91,  0.497706491
 -0.9,  0.499236583
 -0.89,  0.500789968
 -0.88,  0.50236892
 -0.87,  0.503975814
 -0.86,  0.505613099
 -0.85,  0.50728337
 -0.84,  0.50898934
 -0.83,  0.510733752
 -0.82,  0.512519639
 -0.81,  0.514350031
 -0.8,  0.516228127
 -0.79,  0.518157251
 -0.78,  0.520141045
 -0.77,  0.522183095
 -0.76,  0.524287331
 -0.75,  0.526457818
 -0.74,  0.528698849
 -0.73,  0.53101487
 -0.72,  0.533410733
 -0.71,  0.535891359
 -0.7,  0.538462057
 -0.69,  0.541128403
 -0.68,  0.543896251
 -0.67,  0.546771836
 -0.66,  0.549761818
 -0.65,  0.552873103
 -0.64,  0.556113203
 -0.63,  0.559489874
 -0.62,  0.563011673
 -0.61,  0.566687301
 -0.6,  0.570526386
 -0.59,  0.57453901
 -0.58,  0.578735911
 -0.57,  0.583128683
 -0.56,  0.587729593
 -0.55,  0.592551826
 -0.54,  0.597609488
 -0.53,  0.60291774
 -0.52,  0.60849269
 -0.51,  0.614351868
 -0.5,  0.620513886
 -0.49,  0.626998897
 -0.48,  0.633828521
 -0.47,  0.641026054
 -0.46,  0.648616651
 -0.45,  0.656627277
 -0.44,  0.665087159
 -0.43,  0.674027799
 -0.42,  0.6834832
 -0.41,  0.693490034
 -0.4,  0.704088066
 -0.39,  0.715320003
 -0.38,  0.727232176
 -0.37,  0.739874615
 -0.36,  0.75330105
 -0.35,  0.767569783
 -0.34,  0.782743346
 -0.33,  0.798889085
 -0.32,  0.816079383
 -0.31,  0.834391781
 -0.3,  0.853908797
 -0.29,  0.874718645
 -0.28,  0.89691449
 -0.27,  0.920594334
 -0.26,  0.945860591
 -0.25,  0.972819026
 -0.24,  1.00157769
 -0.23,  1.03224496
 -0.22,  1.06492699
 -0.21,  1.09972426
 -0.2,  1.13672746
 -0.19,  1.17601136
 -0.18,  1.21762838
 -0.17,  1.26159886
 -0.16,  1.30790074
 -0.15,  1.35645764
 -0.14,  1.40712316
 -0.13,  1.45966644
 -0.12,  1.51375418
 -0.11,  1.5689362
 -0.1,  1.62462985
 -0.09,  1.68011209
 -0.08,  1.73451697
 -0.07,  1.78684459
 -0.06,  1.83598317
 -0.05,  1.88074678
 -0.04,  1.91992946
 -0.03,  1.9523724
 -0.02,  1.97703919
 -0.01,  1.99309318
  0.,  2.
  0.0005,  1.99984427
  0.0105,  1.992505
  0.0205,  1.97600454
  0.0305,  1.95092701
  0.0405,  1.91812114
  0.0505,  1.87863117
  0.0605,  1.83362005
  0.0705,  1.78429459
  0.0805,  1.73183749
  0.0905,  1.67735587
  0.1005,  1.62184349
  0.1105,  1.56615949
  0.1205,  1.51101957
  0.1305,  1.45699929
  0.1405,  1.40454317
  0.1505,  1.35397808
  0.1605,  1.30553135
  0.1705,  1.25934455
  0.1805,  1.21549172
  0.1905,  1.17399212
  0.2005,  1.13482361
  0.2105,  1.09793268
  0.2205,  1.06324349
  0.2305,  1.0306646
  0.2405,  1.00009536
  0.2505,  0.971429271
  0.2605,  0.944558009
  0.2705,  0.919373538
  0.2805,  0.895770247
  0.2905,  0.873646006
  0.3005,  0.85290306
  0.3105,  0.833448217
  0.3205,  0.81519394
  0.3305,  0.79805764
  0.3405,  0.781962135
  0.3505,  0.766835344
  0.3605,  0.75261024
  0.3705,  0.73922427
  0.3805,  0.726619686
  0.3905,  0.714742676
  0.4005,  0.70354341
  0.4105,  0.692975974
  0.4205,  0.682997667
  0.4305,  0.673568768
  0.4405,  0.664653005
  0.4505,  0.656216319
  0.4605,  0.648227415
  0.4705,  0.640657082
  0.4805,  0.633478509
  0.4905,  0.626666662
  0.5005,  0.620198294
  0.5105,  0.614051865
  0.5205,  0.608207294
  0.5305,  0.602646098
  0.5405,  0.597350812
  0.5505,  0.592305243
  0.5605,  0.587494401
  0.5705,  0.582904183
  0.5805,  0.578521563
  0.5905,  0.574334089
  0.6005,  0.57033042
  0.6105,  0.566499723
  0.6205,  0.562832016
  0.6305,  0.559317692
  0.6405,  0.555948038
  0.6505,  0.552714554
  0.6605,  0.549609494
  0.6705,  0.546625418
  0.6805,  0.543755367
  0.6905,  0.540992723
  0.7005,  0.538331311
  0.7105,  0.535765233
  0.7205,  0.533288966
  0.7305,  0.530897237
  0.7405,  0.528585055
  0.7505,  0.526347633
  0.7605,  0.524180586
  0.7705,  0.522079533
  0.7805,  0.52004053
  0.7905,  0.518059542
  0.8005,  0.516133021
  0.8105,  0.514257418
  0.8205,  0.51242932
  0.8305,  0.510645606
  0.8405,  0.508903114
  0.8505,  0.50719902
  0.8605,  0.505530475
  0.8705,  0.503894753
  0.8805,  0.502289338
  0.8905,  0.50071171
  0.9005,  0.499159569
  0.9105,  0.497630544
  0.9205,  0.496122503
  0.9305,  0.494633379
  0.9405,  0.493161158
  0.9505,  0.491703828
  0.9605,  0.490259597
  0.9705,  0.488826662
  0.9805,  0.487403264
  0.9905,  0.485987768
  1.0005,  0.484578638
  1.0155,  0.482473388
  1.0305,  0.480374037
  1.0455,  0.478275909
  1.0605,  0.476174616
  1.0755,  0.474066094
  1.0905,  0.471946449
  1.1055,  0.469812088
  1.1205,  0.467659681
  1.1355,  0.465486011
  1.1505,  0.463288188
  1.1655,  0.461063489
  1.1805,  0.458809393
  1.1955,  0.456523652
  1.2105,  0.454204113
  1.2255,  0.451848917
  1.2405,  0.449456341
  1.2555,  0.447024883
  1.2705,  0.444553231
  1.2855,  0.442040244
  1.3005,  0.439484957
  1.3155,  0.436886579
  1.3305,  0.434244472
  1.3455,  0.431558241
  1.3605,  0.428827599
  1.3755,  0.426052431
  1.3905,  0.423232737
  1.4055,  0.420368749
  1.4205,  0.417460788
  1.4355,  0.414509314
  1.4505,  0.411514988
  1.4655,  0.40847852
  1.4805,  0.405400738
  1.4955,  0.402282669
  1.5105,  0.399125424
  1.5255,  0.395930181
  1.5405,  0.392698241
  1.5555,  0.389431
  1.5705,  0.386129936
  1.5855,  0.382796585
  1.6005,  0.379432592
  1.6155,  0.376039672
  1.6305,  0.372619535
  1.6455,  0.369173994
  1.6605,  0.365704895
  1.6755,  0.362214096
  1.6905,  0.358703558
  1.7055,  0.355175169
  1.7205,  0.351630887
  1.7355,  0.348072699
  1.7505,  0.344502549
  1.7655,  0.34092241
  1.7805,  0.337334256
  1.7955,  0.333740009
  1.8105,  0.330141637
  1.8255,  0.326541017
  1.8405,  0.322940065
  1.8555,  0.319340603
  1.8705,  0.315744492
  1.8855,  0.312153496
  1.9005,  0.308569358
  1.9155,  0.304993777
  1.9305,  0.301428443
  1.9455,  0.297874913
  1.9605,  0.294334757
  1.9755,  0.290809502
  1.9905,  0.287300566
  2.0055,  0.283809355
  2.0205,  0.280337214
  2.0355,  0.276885407
  2.0505,  0.273455174
  2.0655,  0.270047641
  2.0805,  0.266663929
  2.0955,  0.26330512
  2.1105,  0.259972146
  2.1255,  0.256665967
  2.1405,  0.253387454
  2.1555,  0.250137424
  2.1705,  0.24691665
  2.1855,  0.243725794
  2.2005,  0.240565547
  2.2155,  0.237436489
  2.2305,  0.234339177
  2.2455,  0.231274122
  2.2605,  0.228241739
  2.2755,  0.225242451
  2.2905,  0.222276623
  2.3055,  0.219344562
  2.3205,  0.216446527
  2.3355,  0.213582761
  2.3505,  0.210753445
  2.3655,  0.207958723
  2.3805,  0.205198712
  2.3955,  0.202473506
  2.4105,  0.199783163
  2.4255,  0.197127662
  2.4405,  0.194507017
  2.4555,  0.191921154
  2.4705,  0.189370039
  2.4855,  0.186853552
  2.5005,  0.184371587
  2.5155,  0.181923993
  2.5305,  0.179510618
  2.5455,  0.177131249
  2.5605,  0.174785703
  2.5755,  0.172473763
  2.5905,  0.170195175
  2.6055,  0.167949713
  2.6205,  0.165737076
  2.6355,  0.163557008
  2.6505,  0.161409216
  2.6655,  0.159293391
  2.6805,  0.15720921
  2.6955,  0.15515637
  2.7105,  0.153134523
  2.7255,  0.151143338
  2.7405,  0.149182474
  2.7555,  0.147251582
  2.7705,  0.145350303
  2.7855,  0.143478266
  2.8005,  0.141635126
  2.8155,  0.139820501
  2.8305,  0.13803402
  2.8455,  0.136275333
  2.8605,  0.134544031
  2.8755,  0.132839758
  2.8905,  0.131162149
  2.9055,  0.129510806
  2.9205,  0.12788537
  2.9355,  0.126285462
  2.9505,  0.124710686
  2.9655,  0.123160699
  2.9805,  0.121635115
  2.9955,  0.120133566
  3.0105,  0.118655688
  3.0255,  0.117201109
  3.0405,  0.115769462
  3.0555,  0.114360394
  3.0705,  0.11297355
  3.0855,  0.11160857
  3.1005,  0.110265096
  3.1155,  0.108942807
  3.1305,  0.107641331
  3.1455,  0.106360339
  3.1605,  0.10509949
  3.1755,  0.103858457
  3.1905,  0.102636906
  3.2055,  0.101434513
  3.2205,  0.100250959
  3.2355,  0.0990859289
  3.2505,  0.0979391051
  3.2655,  0.096810186
  3.2805,  0.0956988669
  3.2955,  0.0946048413
  3.3105,  0.0935278195
  3.3255,  0.0924675081
  3.3405,  0.0914236152
  3.3555,  0.0903958722
  3.3705,  0.0893839897
  3.3855,  0.088387702
  3.4005,  0.087406737
  3.4155,  0.0864408196
  3.4305,  0.0854897008
  3.4455,  0.0845531234
  3.4605,  0.0836308235
  3.4755,  0.0827225646
  3.4905,  0.0818281051
  3.5055,  0.0809471877
  3.5205,  0.0800795928
  3.5355,  0.0792250811
  3.5505,  0.0783834262
  3.5655,  0.0775544041
  3.5805,  0.0767377916
  3.5955,  0.0759333788
  3.6105,  0.0751409484
  3.6255,  0.0743602953
  3.6405,  0.0735912093
  3.6555,  0.0728334896
  3.6705,  0.0720869388
  3.6855,  0.0713513688
  3.7005,  0.0706265789
  3.7155,  0.0699123881
  3.7305,  0.0692086128
  3.7455,  0.068515072
  3.7605,  0.0678315848
  3.7755,  0.0671579759
  3.7905,  0.0664940847
  3.8055,  0.065839734
  3.8205,  0.0651947606
  3.8355,  0.0645590038
  3.8505,  0.0639323086
  3.8655,  0.0633145175
  3.8805,  0.0627054733
  3.8955,  0.0621050305
  3.9105,  0.0615130415
  3.9255,  0.0609293601
  3.9405,  0.0603538453
  3.9555,  0.0597863564
  3.9705,  0.0592267676
  3.9855,  0.058674926
     
